0.7997694103501347
0.6804351059067298
0.6431137305754681
0.6173762911268177
0.5973184099643237
0.5807416382004748
0.5664872121230246
0.554067919438169
0.5430194425376634
0.5333077792713361
0.524309179945713
0.5161859956710331
0.508400432519347
0.5018092173501788
0.49532798829766705
0.48921780639907697
0.4836323302708996
0.4784424581677476
0.4734166816051233
0.46884476774209793
0.46431326668072614
0.4600246709441101
0.4560169755526773
0.45212645141651736
0.44850242799019957
0.44496228540289723
0.44129945828159634
0.4383938925586459
0.435011557542544
0.43192896155102845
0.4287595755508435
0.4258592231062153
0.4231693864015587
0.42053830857142316
0.41771202393716966
0.415299676891622
0.4125754790978422
0.41018222384415304
0.40778729086461085
0.405493815971414
0.4032669545117382
0.40080403065888787
0.3985402983787809
0.3966788115626197
0.39439092539987464
0.39257288954510644
0.39031361129421455
0.3885605263698703
0.3863594755036287
0.3846634156065035
0.3827848620324238
0.38069242751259513
0.3791744461418283
0.3772307609200966
0.375662511026418
0.37365330661163504
0.3719899671240718
0.37016434617469024
0.3688969327617919
0.36714336136344766
0.3657094602723933
0.36382836407606994
0.36217659778020733
0.36109288339082024
0.3593506171330558
0.35810649671309075
0.35624043870118116
0.355053170371692
0.35340143352107367
0.3520510417714891
0.35079212022048323
0.34914460260091357
0.3478375578639175
0.3464208771985573
0.3453138801065991
0.3438905327676764
0.34238865137709273
0.34139652867548387
0.3400058449709292
0.338618470205626
0.3372063022154047
0.3362719400893436
0.33509670716333323
0.33351047364678227
0.33259938391878185
0.3310189714108659
0.3302499573787372
0.32898737720077065
0.32754302532363827
0.32651092631556855
0.32583868488434037
0.324239649111012
0.3233036186255484
0.32227246157334516
0.3212080029988572
0.3203403228464484
0.3191720698570484
0.31753412748309456
0.31666335677793184
0.31568127375052063
